#Time	Susceptible	Exposed	Infected	Removed	Dead	Vaccinated	Daily Exposed	Daily Infected	Daily Removed	Daily Dead	Daily Inmunized	Daily Hosp	Free UTI	Ac.Infected	Ac.UTI
0	49351	149	500	0	0	0.000000	0.000000	0.000000	0.000000	0.000000	0.000000	0.000000	100.000000	0.000000	0.000000
1	49259	184	518	39	0	51.000000	92.000000	57.000000	38.000000	0.000000	0.000000	7.000000	94.000000	57.000000	7.000000
2	49159	210	555	76	0	101.000000	192.000000	131.000000	74.000000	0.000000	0.000000	13.000000	89.000000	131.000000	13.000000
3	49044	251	586	119	0	146.000000	307.000000	205.000000	115.000000	0.000000	0.000000	23.000000	81.000000	205.000000	23.000000
4	48934	261	635	170	0	194.000000	417.000000	305.000000	164.000000	0.000000	0.000000	31.000000	75.000000	305.000000	31.000000
5	48803	294	674	228	1	251.000000	548.000000	403.000000	218.000000	1.000000	0.000000	42.000000	69.000000	403.000000	42.000000
6	48676	323	715	283	3	297.000000	675.000000	501.000000	272.000000	3.000000	0.000000	47.000000	67.000000	501.000000	47.000000
7	48532	345	762	358	3	334.000000	819.000000	623.000000	345.000000	3.000000	0.000000	53.000000	63.000000	623.000000	53.000000
8	48363	400	826	408	3	398.000000	988.000000	737.000000	393.000000	3.000000	0.000000	60.000000	58.000000	737.000000	60.000000
9	48196	444	896	461	3	459.000000	1155.000000	860.000000	444.000000	3.000000	0.000000	72.000000	48.000000	860.000000	72.000000
10	48016	467	985	528	4	520.000000	1335.000000	1017.000000	510.000000	4.000000	0.000000	82.000000	40.000000	1017.000000	82.000000
11	47826	487	1079	602	6	580.000000	1525.000000	1187.000000	579.000000	6.000000	0.000000	92.000000	37.000000	1187.000000	92.000000
12	47625	541	1131	695	8	645.000000	1726.000000	1334.000000	666.000000	8.000000	0.000000	102.000000	35.000000	1334.000000	102.000000
13	47433	559	1215	782	11	699.000000	1918.000000	1508.000000	749.000000	11.000000	0.000000	118.000000	26.000000	1508.000000	118.000000
14	47204	611	1298	873	14	739.000000	2147.000000	1685.000000	834.000000	14.000000	0.000000	130.000000	23.000000	1685.000000	130.000000
15	46963	637	1390	992	18	776.000000	2388.000000	1900.000000	947.000000	18.000000	0.000000	149.000000	14.000000	1900.000000	149.000000
16	46718	666	1491	1105	20	825.000000	2633.000000	2116.000000	1055.000000	20.000000	0.000000	161.000000	9.000000	2116.000000	161.000000
17	46439	697	1618	1225	21	866.000000	2912.000000	2364.000000	1171.000000	21.000000	0.000000	174.000000	1.000000	2364.000000	174.000000
18	46135	774	1726	1341	24	920.000000	3216.000000	2591.000000	1280.000000	24.000000	0.000000	182.000000	0.000000	2591.000000	182.000000
19	45784	859	1857	1463	37	970.000000	3567.000000	2857.000000	1397.000000	37.000000	0.000000	189.000000	0.000000	2857.000000	189.000000
20	45484	895	1968	1595	58	1019.000000	3867.000000	3121.000000	1524.000000	58.000000	0.000000	199.000000	0.000000	3121.000000	199.000000
21	45104	976	2118	1734	68	1062.000000	4247.000000	3420.000000	1655.000000	68.000000	0.000000	210.000000	2.000000	3420.000000	210.000000
22	44709	1041	2283	1881	86	1107.000000	4642.000000	3750.000000	1799.000000	86.000000	0.000000	217.000000	0.000000	3750.000000	217.000000
23	44310	1105	2407	2076	102	1154.000000	5041.000000	4085.000000	1989.000000	102.000000	0.000000	224.000000	1.000000	4085.000000	224.000000
24	43883	1188	2539	2266	124	1208.000000	5468.000000	4429.000000	2175.000000	124.000000	0.000000	230.000000	0.000000	4429.000000	230.000000
25	43459	1205	2721	2475	140	1255.000000	5892.000000	4836.000000	2376.000000	140.000000	0.000000	241.000000	0.000000	4836.000000	241.000000
26	42987	1241	2933	2671	168	1286.000000	6364.000000	5272.000000	2568.000000	168.000000	0.000000	250.000000	0.000000	5272.000000	250.000000
27	42461	1305	3148	2895	191	1341.000000	6890.000000	5734.000000	2788.000000	191.000000	0.000000	255.000000	1.000000	5734.000000	255.000000
28	41938	1384	3324	3145	209	1383.000000	7413.000000	6178.000000	3032.000000	209.000000	0.000000	264.000000	0.000000	6178.000000	264.000000
29	41344	1510	3504	3416	226	1429.000000	8007.000000	6646.000000	3293.000000	226.000000	0.000000	277.000000	0.000000	6646.000000	277.000000
30	40772	1586	3663	3711	268	1465.000000	8579.000000	7142.000000	3584.000000	268.000000	0.000000	283.000000	0.000000	7142.000000	283.000000
31	40139	1726	3818	4023	294	1506.000000	9212.000000	7635.000000	3890.000000	294.000000	0.000000	294.000000	0.000000	7635.000000	294.000000
32	39533	1779	4013	4339	336	1553.000000	9818.000000	8188.000000	4204.000000	336.000000	0.000000	298.000000	0.000000	8188.000000	298.000000
33	38879	1841	4260	4646	374	1617.000000	10472.000000	8780.000000	4507.000000	374.000000	0.000000	305.000000	0.000000	8780.000000	305.000000
34	38222	1877	4532	4965	404	1663.000000	11129.000000	9401.000000	4817.000000	404.000000	0.000000	316.000000	1.000000	9401.000000	316.000000
35	37493	1978	4724	5373	432	1704.000000	11858.000000	10029.000000	5218.000000	432.000000	0.000000	323.000000	1.000000	10029.000000	323.000000
36	36854	1975	4921	5772	478	1755.000000	12497.000000	10671.000000	5609.000000	478.000000	0.000000	332.000000	2.000000	10671.000000	332.000000
37	36125	2054	5182	6118	521	1820.000000	13226.000000	11321.000000	5952.000000	521.000000	0.000000	338.000000	1.000000	11321.000000	338.000000
38	35394	2094	5422	6522	568	1866.000000	13957.000000	12012.000000	6353.000000	568.000000	0.000000	343.000000	0.000000	12012.000000	343.000000
39	34634	2140	5690	6925	611	1904.000000	14717.000000	12726.000000	6744.000000	611.000000	0.000000	357.000000	0.000000	12726.000000	357.000000
40	33866	2198	5901	7381	654	1956.000000	15485.000000	13436.000000	7195.000000	654.000000	0.000000	369.000000	2.000000	13436.000000	369.000000
41	33056	2224	6132	7884	704	2016.000000	16295.000000	14220.000000	7695.000000	704.000000	0.000000	377.000000	0.000000	14220.000000	377.000000
42	32318	2207	6301	8413	761	2066.000000	17033.000000	14975.000000	8216.000000	761.000000	0.000000	386.000000	0.000000	14975.000000	386.000000
43	31528	2244	6516	8873	839	2120.000000	17823.000000	15728.000000	8672.000000	839.000000	0.000000	390.000000	1.000000	15728.000000	390.000000
44	30757	2275	6656	9433	879	2169.000000	18594.000000	16468.000000	9225.000000	879.000000	0.000000	400.000000	0.000000	16468.000000	400.000000
45	29953	2302	6850	9954	941	2224.000000	19398.000000	17245.000000	9740.000000	941.000000	0.000000	406.000000	0.000000	17245.000000	406.000000
46	29137	2331	7047	10483	1002	2302.000000	20214.000000	18032.000000	10260.000000	1002.000000	0.000000	417.000000	0.000000	18032.000000	417.000000
47	28312	2330	7229	11059	1070	2358.000000	21039.000000	18858.000000	10831.000000	1070.000000	0.000000	422.000000	0.000000	18858.000000	422.000000
48	27484	2379	7392	11605	1140	2408.000000	21867.000000	19637.000000	11373.000000	1140.000000	0.000000	428.000000	1.000000	19637.000000	428.000000
49	26646	2411	7561	12178	1204	2460.000000	22705.000000	20443.000000	11937.000000	1204.000000	0.000000	442.000000	0.000000	20443.000000	442.000000
50	25800	2443	7727	12752	1278	2508.000000	23551.000000	21257.000000	12502.000000	1278.000000	0.000000	453.000000	0.000000	21257.000000	453.000000
51	24975	2459	7837	13373	1356	2544.000000	24376.000000	22066.000000	13118.000000	1356.000000	0.000000	459.000000	0.000000	22066.000000	459.000000
52	24192	2463	7976	13944	1425	2600.000000	25159.000000	22845.000000	13682.000000	1425.000000	0.000000	467.000000	0.000000	22845.000000	467.000000
53	23441	2428	8075	14542	1514	2647.000000	25910.000000	23631.000000	14276.000000	1514.000000	0.000000	475.000000	1.000000	23631.000000	475.000000
54	22714	2400	8138	15168	1580	2700.000000	26637.000000	24386.000000	14896.000000	1580.000000	0.000000	482.000000	0.000000	24386.000000	482.000000
55	22007	2347	8214	15787	1645	2759.000000	27344.000000	25146.000000	15508.000000	1645.000000	0.000000	489.000000	0.000000	25146.000000	489.000000
56	21311	2294	8277	16425	1693	2810.000000	28040.000000	25895.000000	16136.000000	1693.000000	0.000000	502.000000	1.000000	25895.000000	502.000000
57	20570	2274	8341	17065	1750	2858.000000	28781.000000	26656.000000	16771.000000	1750.000000	0.000000	510.000000	0.000000	26656.000000	510.000000
58	19906	2205	8343	17733	1813	2901.000000	29445.000000	27389.000000	17434.000000	1813.000000	0.000000	518.000000	0.000000	27389.000000	518.000000
59	19322	2044	8383	18383	1868	2953.000000	30029.000000	28134.000000	18074.000000	1868.000000	0.000000	533.000000	0.000000	28134.000000	533.000000
60	18669	1973	8394	19036	1928	3008.000000	30682.000000	28858.000000	18718.000000	1928.000000	0.000000	544.000000	0.000000	28858.000000	544.000000
61	18075	1929	8356	19661	1979	3056.000000	31276.000000	29496.000000	19334.000000	1979.000000	0.000000	554.000000	1.000000	29496.000000	554.000000
62	17472	1883	8305	20285	2055	3100.000000	31879.000000	30145.000000	19955.000000	2055.000000	0.000000	559.000000	0.000000	30145.000000	559.000000
63	16879	1879	8220	20928	2094	3150.000000	32472.000000	30742.000000	20588.000000	2094.000000	0.000000	570.000000	0.000000	30742.000000	570.000000
64	16350	1817	8181	21504	2148	3195.000000	33001.000000	31333.000000	21159.000000	2148.000000	0.000000	578.000000	0.000000	31333.000000	578.000000
65	15819	1737	8122	22104	2218	3251.000000	33532.000000	31944.000000	21755.000000	2218.000000	0.000000	586.000000	0.000000	31944.000000	586.000000
66	15278	1675	8075	22703	2269	3306.000000	34073.000000	32547.000000	22350.000000	2269.000000	0.000000	595.000000	0.000000	32547.000000	595.000000
67	14814	1579	7956	23327	2324	3349.000000	34537.000000	33107.000000	22967.000000	2324.000000	0.000000	605.000000	1.000000	33107.000000	605.000000
68	14361	1514	7830	23920	2375	3386.000000	34990.000000	33625.000000	23554.000000	2375.000000	0.000000	613.000000	0.000000	33625.000000	613.000000
69	13896	1512	7626	24522	2444	3443.000000	35455.000000	34092.000000	24150.000000	2444.000000	0.000000	619.000000	0.000000	34092.000000	619.000000
70	13509	1394	7475	25134	2488	3486.000000	35842.000000	34597.000000	24752.000000	2488.000000	0.000000	630.000000	0.000000	34597.000000	630.000000
71	13139	1281	7311	25723	2546	3539.000000	36212.000000	35080.000000	25335.000000	2546.000000	0.000000	642.000000	0.000000	35080.000000	642.000000
72	12772	1231	7079	26322	2596	3584.000000	36579.000000	35497.000000	25928.000000	2596.000000	0.000000	649.000000	0.000000	35497.000000	649.000000
73	12465	1126	6887	26881	2641	3621.000000	36886.000000	35909.000000	26482.000000	2641.000000	0.000000	658.000000	0.000000	35909.000000	658.000000
74	12141	1081	6680	27419	2679	3666.000000	37210.000000	36278.000000	27010.000000	2679.000000	0.000000	669.000000	2.000000	36278.000000	669.000000
75	11842	1003	6463	27955	2737	3722.000000	37509.000000	36655.000000	27542.000000	2737.000000	0.000000	678.000000	1.000000	36655.000000	678.000000
76	11534	990	6255	28436	2785	3779.000000	37817.000000	36976.000000	28016.000000	2785.000000	0.000000	695.000000	0.000000	36976.000000	695.000000
77	11270	926	6090	28901	2813	3826.000000	38081.000000	37304.000000	28472.000000	2813.000000	0.000000	702.000000	3.000000	37304.000000	702.000000
78	10996	895	5940	29326	2843	3881.000000	38355.000000	37609.000000	28886.000000	2843.000000	0.000000	718.000000	0.000000	37609.000000	718.000000
79	10766	813	5755	29782	2884	3924.000000	38585.000000	37921.000000	29336.000000	2884.000000	0.000000	727.000000	1.000000	37921.000000	727.000000
80	10511	781	5588	30202	2918	3981.000000	38840.000000	38208.000000	29750.000000	2918.000000	0.000000	737.000000	0.000000	38208.000000	737.000000
81	10275	765	5370	30649	2941	4025.000000	39076.000000	38460.000000	30188.000000	2941.000000	0.000000	747.000000	0.000000	38460.000000	747.000000
82	10052	736	5180	31064	2968	4070.000000	39299.000000	38712.000000	30594.000000	2968.000000	0.000000	761.000000	0.000000	38712.000000	761.000000
83	9855	690	4995	31458	3002	4132.000000	39496.000000	38955.000000	30984.000000	3002.000000	0.000000	766.000000	0.000000	38955.000000	766.000000
84	9688	634	4799	31853	3026	4188.000000	39663.000000	39178.000000	31369.000000	3026.000000	0.000000	776.000000	0.000000	39178.000000	776.000000
85	9498	622	4639	32188	3053	4240.000000	39853.000000	39380.000000	31695.000000	3053.000000	0.000000	787.000000	2.000000	39380.000000	787.000000
86	9333	594	4438	32559	3076	4294.000000	40018.000000	39573.000000	32062.000000	3076.000000	0.000000	794.000000	0.000000	39573.000000	794.000000
87	9172	562	4246	32914	3106	4337.000000	40179.000000	39766.000000	32412.000000	3106.000000	0.000000	801.000000	0.000000	39766.000000	801.000000
88	9028	520	4090	33239	3123	4390.000000	40323.000000	39952.000000	32732.000000	3123.000000	0.000000	806.000000	1.000000	39952.000000	806.000000
89	8871	509	3928	33536	3156	4439.000000	40480.000000	40120.000000	33026.000000	3156.000000	0.000000	813.000000	0.000000	40120.000000	813.000000
90	8754	456	3790	33825	3175	4490.000000	40597.000000	40290.000000	33307.000000	3175.000000	0.000000	825.000000	0.000000	40290.000000	825.000000
91	8612	449	3639	34104	3196	4529.000000	40739.000000	40439.000000	33580.000000	3196.000000	0.000000	831.000000	1.000000	40439.000000	831.000000
92	8491	430	3493	34380	3206	4573.000000	40860.000000	40579.000000	33848.000000	3206.000000	0.000000	840.000000	2.000000	40579.000000	840.000000
93	8368	413	3367	34635	3217	4618.000000	40983.000000	40719.000000	34094.000000	3217.000000	0.000000	853.000000	1.000000	40719.000000	853.000000
94	8272	389	3211	34893	3235	4667.000000	41079.000000	40839.000000	34343.000000	3235.000000	0.000000	863.000000	1.000000	40839.000000	863.000000
95	8180	355	3060	35155	3250	4719.000000	41171.000000	40965.000000	34597.000000	3250.000000	0.000000	869.000000	5.000000	40965.000000	869.000000
96	8075	347	2930	35387	3261	4750.000000	41276.000000	41078.000000	34823.000000	3261.000000	0.000000	882.000000	2.000000	41078.000000	882.000000
97	7989	322	2813	35603	3273	4791.000000	41362.000000	41189.000000	35035.000000	3273.000000	0.000000	890.000000	0.000000	41189.000000	890.000000
98	7909	290	2703	35810	3288	4855.000000	41442.000000	41301.000000	35232.000000	3288.000000	0.000000	900.000000	1.000000	41301.000000	900.000000
99	7843	262	2587	36015	3293	4904.000000	41508.000000	41395.000000	35433.000000	3293.000000	0.000000	907.000000	1.000000	41395.000000	907.000000
100	7769	251	2442	36233	3305	4955.000000	41582.000000	41480.000000	35644.000000	3305.000000	0.000000	918.000000	0.000000	41480.000000	918.000000
101	7682	258	2341	36405	3314	5010.000000	41669.000000	41560.000000	35811.000000	3314.000000	0.000000	924.000000	2.000000	41560.000000	924.000000
102	7607	254	2224	36596	3319	5057.000000	41744.000000	41639.000000	35996.000000	3319.000000	0.000000	933.000000	1.000000	41639.000000	933.000000
103	7536	230	2164	36742	3328	5103.000000	41815.000000	41734.000000	36136.000000	3328.000000	0.000000	942.000000	1.000000	41734.000000	942.000000
104	7469	220	2064	36906	3341	5147.000000	41882.000000	41811.000000	36295.000000	3341.000000	0.000000	951.000000	1.000000	41811.000000	951.000000
105	7417	199	1975	37061	3348	5194.000000	41934.000000	41884.000000	36447.000000	3348.000000	0.000000	956.000000	2.000000	41884.000000	956.000000
106	7361	200	1908	37179	3352	5253.000000	41990.000000	41939.000000	36557.000000	3352.000000	0.000000	967.000000	2.000000	41939.000000	967.000000
107	7309	189	1828	37311	3363	5307.000000	42042.000000	42002.000000	36686.000000	3363.000000	0.000000	977.000000	0.000000	42002.000000	977.000000
108	7256	185	1719	37469	3371	5355.000000	42095.000000	42059.000000	36840.000000	3371.000000	0.000000	978.000000	4.000000	42059.000000	978.000000
109	7206	167	1661	37593	3373	5410.000000	42145.000000	42127.000000	36962.000000	3373.000000	0.000000	986.000000	0.000000	42127.000000	986.000000
110	7150	167	1593	37713	3377	5458.000000	42201.000000	42183.000000	37076.000000	3377.000000	0.000000	994.000000	1.000000	42183.000000	994.000000
111	7111	154	1516	37839	3380	5517.000000	42240.000000	42235.000000	37193.000000	3380.000000	0.000000	999.000000	8.000000	42235.000000	999.000000
112	7076	144	1447	37948	3385	5565.000000	42275.000000	42280.000000	37297.000000	3385.000000	0.000000	1014.000000	1.000000	42280.000000	1014.000000
113	7039	140	1368	38067	3386	5620.000000	42312.000000	42321.000000	37406.000000	3386.000000	0.000000	1022.000000	4.000000	42321.000000	1022.000000
114	7004	133	1306	38166	3391	5671.000000	42347.000000	42363.000000	37499.000000	3391.000000	0.000000	1035.000000	2.000000	42363.000000	1035.000000
115	6973	130	1239	38265	3393	5727.000000	42378.000000	42397.000000	37590.000000	3393.000000	0.000000	1044.000000	3.000000	42397.000000	1044.000000
116	6937	126	1188	38356	3393	5786.000000	42414.000000	42437.000000	37675.000000	3393.000000	0.000000	1051.000000	2.000000	42437.000000	1051.000000
117	6905	115	1140	38444	3396	5827.000000	42446.000000	42480.000000	37757.000000	3396.000000	0.000000	1058.000000	4.000000	42480.000000	1058.000000
118	6882	104	1085	38528	3401	5868.000000	42469.000000	42514.000000	37834.000000	3401.000000	0.000000	1065.000000	6.000000	42514.000000	1065.000000
119	6864	95	1029	38609	3403	5916.000000	42487.000000	42541.000000	37908.000000	3403.000000	0.000000	1067.000000	13.000000	42541.000000	1067.000000
120	6833	95	986	38682	3404	5967.000000	42518.000000	42572.000000	37978.000000	3404.000000	0.000000	1078.000000	6.000000	42572.000000	1078.000000
121	6813	90	941	38750	3406	5997.000000	42538.000000	42597.000000	38040.000000	3406.000000	0.000000	1088.000000	4.000000	42597.000000	1088.000000
122	6787	80	917	38808	3408	6051.000000	42564.000000	42633.000000	38092.000000	3408.000000	0.000000	1097.000000	2.000000	42633.000000	1097.000000
123	6766	77	870	38876	3411	6096.000000	42585.000000	42657.000000	38155.000000	3411.000000	0.000000	1102.000000	5.000000	42657.000000	1102.000000
124	6745	69	839	38932	3415	6144.000000	42606.000000	42686.000000	38205.000000	3415.000000	0.000000	1109.000000	8.000000	42686.000000	1109.000000
125	6719	66	802	38995	3418	6187.000000	42632.000000	42715.000000	38263.000000	3418.000000	0.000000	1117.000000	8.000000	42715.000000	1117.000000
126	6697	70	750	39062	3421	6242.000000	42654.000000	42733.000000	38322.000000	3421.000000	0.000000	1121.000000	15.000000	42733.000000	1121.000000
127	6683	65	716	39113	3423	6303.000000	42668.000000	42752.000000	38369.000000	3423.000000	0.000000	1125.000000	17.000000	42752.000000	1125.000000
128	6667	52	683	39171	3427	6357.000000	42684.000000	42781.000000	38421.000000	3427.000000	0.000000	1133.000000	19.000000	42781.000000	1133.000000
129	6653	49	665	39203	3430	6416.000000	42698.000000	42798.000000	38447.000000	3430.000000	0.000000	1137.000000	24.000000	42798.000000	1137.000000
130	6641	47	635	39243	3434	6470.000000	42710.000000	42812.000000	38485.000000	3434.000000	0.000000	1141.000000	26.000000	42812.000000	1141.000000
131	6627	49	595	39294	3435	6516.000000	42724.000000	42824.000000	38530.000000	3435.000000	0.000000	1142.000000	32.000000	42824.000000	1142.000000
132	6619	42	562	39338	3439	6568.000000	42732.000000	42839.000000	38570.000000	3439.000000	0.000000	1147.000000	35.000000	42839.000000	1147.000000
133	6610	34	534	39381	3441	6616.000000	42741.000000	42856.000000	38610.000000	3441.000000	0.000000	1150.000000	37.000000	42856.000000	1150.000000
134	6601	30	506	39420	3443	6671.000000	42750.000000	42869.000000	38644.000000	3443.000000	0.000000	1153.000000	41.000000	42869.000000	1153.000000
135	6589	31	477	39459	3444	6719.000000	42762.000000	42880.000000	38679.000000	3444.000000	0.000000	1155.000000	44.000000	42880.000000	1155.000000
136	6577	34	447	39498	3444	6768.000000	42774.000000	42889.000000	38714.000000	3444.000000	0.000000	1159.000000	44.000000	42889.000000	1159.000000
137	6567	33	421	39533	3446	6807.000000	42784.000000	42900.000000	38742.000000	3446.000000	0.000000	1165.000000	47.000000	42900.000000	1165.000000
138	6556	31	411	39556	3446	6833.000000	42795.000000	42913.000000	38762.000000	3446.000000	0.000000	1165.000000	50.000000	42913.000000	1165.000000
139	6547	32	378	39596	3447	6880.000000	42804.000000	42921.000000	38801.000000	3447.000000	0.000000	1165.000000	52.000000	42921.000000	1165.000000
140	6535	37	365	39616	3447	6929.000000	42816.000000	42928.000000	38821.000000	3447.000000	0.000000	1167.000000	50.000000	42928.000000	1167.000000
141	6526	36	351	39640	3447	6987.000000	42825.000000	42938.000000	38842.000000	3447.000000	0.000000	1167.000000	53.000000	42938.000000	1167.000000
142	6519	32	338	39664	3447	7025.000000	42832.000000	42949.000000	38866.000000	3447.000000	0.000000	1168.000000	52.000000	42949.000000	1168.000000
143	6511	25	316	39701	3447	7082.000000	42840.000000	42964.000000	38895.000000	3447.000000	0.000000	1173.000000	55.000000	42964.000000	1173.000000
144	6505	22	297	39729	3447	7138.000000	42846.000000	42973.000000	38921.000000	3447.000000	0.000000	1176.000000	54.000000	42973.000000	1176.000000
145	6499	20	284	39749	3448	7187.000000	42852.000000	42981.000000	38940.000000	3448.000000	0.000000	1178.000000	54.000000	42981.000000	1178.000000
146	6494	20	251	39787	3448	7242.000000	42857.000000	42986.000000	38973.000000	3448.000000	0.000000	1180.000000	57.000000	42986.000000	1180.000000
147	6487	19	241	39804	3449	7290.000000	42864.000000	42994.000000	38988.000000	3449.000000	0.000000	1181.000000	59.000000	42994.000000	1181.000000
148	6479	18	230	39822	3451	7339.000000	42872.000000	43003.000000	39002.000000	3451.000000	0.000000	1182.000000	64.000000	43003.000000	1182.000000
149	6475	16	218	39840	3451	7388.000000	42876.000000	43009.000000	39019.000000	3451.000000	0.000000	1184.000000	63.000000	43009.000000	1184.000000
150	6468	20	200	39859	3453	7443.000000	42883.000000	43012.000000	39034.000000	3453.000000	0.000000	1186.000000	67.000000	43012.000000	1186.000000
151	6467	18	185	39876	3454	7503.000000	42884.000000	43015.000000	39048.000000	3454.000000	0.000000	1187.000000	70.000000	43015.000000	1187.000000
152	6464	17	172	39893	3454	7541.000000	42887.000000	43019.000000	39062.000000	3454.000000	0.000000	1190.000000	70.000000	43019.000000	1190.000000
153	6461	18	165	39901	3455	7593.000000	42890.000000	43021.000000	39068.000000	3455.000000	0.000000	1190.000000	73.000000	43021.000000	1190.000000
154	6460	16	152	39917	3455	7645.000000	42891.000000	43024.000000	39081.000000	3455.000000	0.000000	1190.000000	76.000000	43024.000000	1190.000000
155	6460	9	147	39928	3456	7707.000000	42891.000000	43031.000000	39090.000000	3456.000000	0.000000	1190.000000	79.000000	43031.000000	1190.000000
156	6459	6	144	39935	3456	7757.000000	42892.000000	43035.000000	39097.000000	3456.000000	0.000000	1190.000000	79.000000	43035.000000	1190.000000
157	6456	5	140	39943	3456	7820.000000	42895.000000	43039.000000	39105.000000	3456.000000	0.000000	1192.000000	77.000000	43039.000000	1192.000000
158	6454	6	131	39953	3456	7864.000000	42897.000000	43040.000000	39115.000000	3456.000000	0.000000	1192.000000	77.000000	43040.000000	1192.000000
159	6452	7	126	39959	3456	7903.000000	42899.000000	43041.000000	39121.000000	3456.000000	0.000000	1192.000000	77.000000	43041.000000	1192.000000
160	6450	8	116	39970	3456	7959.000000	42901.000000	43042.000000	39131.000000	3456.000000	0.000000	1192.000000	78.000000	43042.000000	1192.000000
161	6448	9	106	39981	3456	8004.000000	42903.000000	43043.000000	39141.000000	3456.000000	0.000000	1192.000000	79.000000	43043.000000	1192.000000
162	6448	8	102	39986	3456	8063.000000	42903.000000	43044.000000	39146.000000	3456.000000	0.000000	1193.000000	78.000000	43044.000000	1193.000000
163	6444	7	95	39996	3458	8115.000000	42907.000000	43049.000000	39154.000000	3458.000000	0.000000	1193.000000	82.000000	43049.000000	1193.000000
164	6441	7	90	40004	3458	8152.000000	42910.000000	43052.000000	39161.000000	3458.000000	0.000000	1193.000000	83.000000	43052.000000	1193.000000
165	6440	6	85	40011	3458	8214.000000	42911.000000	43054.000000	39168.000000	3458.000000	0.000000	1193.000000	83.000000	43054.000000	1193.000000
166	6437	6	84	40014	3459	8270.000000	42914.000000	43057.000000	39171.000000	3459.000000	0.000000	1193.000000	84.000000	43057.000000	1193.000000
167	6435	8	75	40021	3461	8316.000000	42916.000000	43057.000000	39178.000000	3461.000000	0.000000	1193.000000	86.000000	43057.000000	1193.000000
168	6435	4	70	40029	3462	8366.000000	42916.000000	43061.000000	39185.000000	3462.000000	0.000000	1193.000000	88.000000	43061.000000	1193.000000
169	6435	2	66	40035	3462	8416.000000	42916.000000	43063.000000	39191.000000	3462.000000	0.000000	1193.000000	88.000000	43063.000000	1193.000000
170	6435	2	61	40040	3462	8457.000000	42916.000000	43063.000000	39195.000000	3462.000000	0.000000	1193.000000	89.000000	43063.000000	1193.000000
171	6434	2	57	40045	3462	8501.000000	42917.000000	43064.000000	39200.000000	3462.000000	0.000000	1194.000000	88.000000	43064.000000	1194.000000
172	6433	1	57	40047	3462	8551.000000	42918.000000	43066.000000	39202.000000	3462.000000	0.000000	1194.000000	88.000000	43066.000000	1194.000000
173	6432	2	51	40053	3462	8612.000000	42919.000000	43066.000000	39208.000000	3462.000000	0.000000	1195.000000	87.000000	43066.000000	1195.000000
174	6432	1	49	40056	3462	8662.000000	42919.000000	43067.000000	39210.000000	3462.000000	0.000000	1195.000000	88.000000	43067.000000	1195.000000
175	6431	1	48	40057	3463	8698.000000	42920.000000	43068.000000	39211.000000	3463.000000	0.000000	1196.000000	88.000000	43068.000000	1196.000000
176	6430	1	43	40063	3463	8750.000000	42921.000000	43069.000000	39215.000000	3463.000000	0.000000	1196.000000	90.000000	43069.000000	1196.000000
177	6428	3	42	40064	3463	8805.000000	42923.000000	43069.000000	39216.000000	3463.000000	0.000000	1196.000000	90.000000	43069.000000	1196.000000
178	6427	4	40	40066	3463	8858.000000	42924.000000	43069.000000	39218.000000	3463.000000	0.000000	1196.000000	90.000000	43069.000000	1196.000000
179	6426	3	35	40071	3465	8907.000000	42925.000000	43071.000000	39222.000000	3465.000000	0.000000	1196.000000	93.000000	43071.000000	1196.000000
180	6426	2	32	40075	3465	8947.000000	42925.000000	43072.000000	39225.000000	3465.000000	0.000000	1196.000000	94.000000	43072.000000	1196.000000
181	6426	2	30	40077	3465	9005.000000	42925.000000	43072.000000	39227.000000	3465.000000	0.000000	1196.000000	94.000000	43072.000000	1196.000000
182	6426	0	29	40080	3465	9049.000000	42925.000000	43074.000000	39229.000000	3465.000000	0.000000	1196.000000	95.000000	43074.000000	1196.000000
183	6426	0	28	40081	3465	9101.000000	42925.000000	43074.000000	39229.000000	3465.000000	0.000000	1196.000000	96.000000	43074.000000	1196.000000
184	6424	1	28	40082	3465	9145.000000	42927.000000	43075.000000	39230.000000	3465.000000	0.000000	1196.000000	96.000000	43075.000000	1196.000000
185	6424	1	28	40082	3465	9201.000000	42927.000000	43075.000000	39230.000000	3465.000000	0.000000	1196.000000	96.000000	43075.000000	1196.000000
186	6422	1	28	40084	3465	9246.000000	42929.000000	43077.000000	39232.000000	3465.000000	0.000000	1196.000000	96.000000	43077.000000	1196.000000
187	6422	0	21	40092	3465	9300.000000	42929.000000	43078.000000	39240.000000	3465.000000	0.000000	1196.000000	96.000000	43078.000000	1196.000000
188	6422	0	20	40093	3465	9347.000000	42929.000000	43078.000000	39240.000000	3465.000000	0.000000	1196.000000	97.000000	43078.000000	1196.000000
189	6422	0	20	40093	3465	9403.000000	42929.000000	43078.000000	39240.000000	3465.000000	0.000000	1197.000000	96.000000	43078.000000	1197.000000
190	6422	0	20	40093	3465	9456.000000	42929.000000	43078.000000	39240.000000	3465.000000	0.000000	1198.000000	95.000000	43078.000000	1198.000000
191	6420	2	19	40094	3465	9529.000000	42931.000000	43078.000000	39240.000000	3465.000000	0.000000	1198.000000	96.000000	43078.000000	1198.000000
192	6420	1	20	40094	3465	9593.000000	42931.000000	43079.000000	39240.000000	3465.000000	0.000000	1198.000000	96.000000	43079.000000	1198.000000
193	6419	2	19	40095	3465	9653.000000	42932.000000	43079.000000	39241.000000	3465.000000	0.000000	1198.000000	96.000000	43079.000000	1198.000000
194	6419	2	17	40097	3465	9705.000000	42932.000000	43079.000000	39242.000000	3465.000000	0.000000	1198.000000	97.000000	43079.000000	1198.000000
195	6419	1	17	40098	3465	9753.000000	42932.000000	43080.000000	39242.000000	3465.000000	0.000000	1198.000000	98.000000	43080.000000	1198.000000
196	6418	1	16	40100	3465	9800.000000	42933.000000	43081.000000	39244.000000	3465.000000	0.000000	1198.000000	98.000000	43081.000000	1198.000000
197	6418	0	16	40101	3465	9847.000000	42933.000000	43082.000000	39245.000000	3465.000000	0.000000	1198.000000	98.000000	43082.000000	1198.000000
198	6418	0	15	40102	3465	9895.000000	42933.000000	43082.000000	39246.000000	3465.000000	0.000000	1198.000000	98.000000	43082.000000	1198.000000
199	6418	0	14	40103	3465	9950.000000	42933.000000	43082.000000	39246.000000	3465.000000	0.000000	1198.000000	99.000000	43082.000000	1198.000000
